%YAML:1.0
R: !!opencv-matrix
   rows: 3
   cols: 3
   dt: d
   data: [ 9.9976620057004029e-01, -2.1310227602935081e-02,
       3.6631130554652717e-03, 2.1273449609930193e-02,
       9.9972564478727732e-01, 9.8018108712817405e-03,
       -3.8709868818916460e-03, -9.7215921624865444e-03,
       9.9994525155449709e-01 ]
T: !!opencv-matrix
   rows: 3
   cols: 1
   dt: d
   data: [ -8.3887797714639127e+00, 6.7111390877323665e-02,
       6.6980820811686737e-01 ]
R1: !!opencv-matrix
   rows: 3
   cols: 3
   dt: d
   data: [ 9.9670119131061163e-01, -2.8440520371698339e-02,
       -7.6012315061407473e-02, 2.8843992805387620e-02,
       9.9957503775113177e-01, 4.2152086385409994e-03,
       7.5860129969901935e-02, -6.3938021404086999e-03,
       9.9709796909588522e-01 ]
R2: !!opencv-matrix
   rows: 3
   cols: 3
   dt: d
   data: [ 9.9679579539883223e-01, -7.9745033333025409e-03,
       -7.9589883602104630e-02, 7.5515183214226551e-03,
       9.9995572703436986e-01, -5.6141377081670388e-03,
       7.9631129881790844e-02, 4.9951243980697396e-03,
       9.9681188390086783e-01 ]
P1: !!opencv-matrix
   rows: 3
   cols: 4
   dt: d
   data: [ 3.3378410147898501e+02, 0., 2.0689382648468018e+02, 0., 0.,
       3.3378410147898501e+02, 1.1854265403747559e+02, 0., 0., 0., 1.,
       0. ]
P2: !!opencv-matrix
   rows: 3
   cols: 4
   dt: d
   data: [ 3.3378410147898501e+02, 0., 2.0689382648468018e+02,
       -2.8090420640296052e+03, 0., 3.3378410147898501e+02,
       1.1854265403747559e+02, 0., 0., 0., 1., 0. ]
Q: !!opencv-matrix
   rows: 4
   cols: 4
   dt: d
   data: [ 1., 0., 0., -2.0689382648468018e+02, 0., 1., 0.,
       -1.1854265403747559e+02, 0., 0., 0., 3.3378410147898501e+02, 0.,
       0., 1.1882488544873109e-01, 0. ]
