%YAML:1.0
M1: !!opencv-matrix
   rows: 3
   cols: 3
   dt: d
   data: [ 3.6932621519616896e+02, 0., 1.7139657081158194e+02, 0.,
       3.6932621519616896e+02, 1.1793331034662330e+02, 0., 0., 1. ]
D1: !!opencv-matrix
   rows: 1
   cols: 8
   dt: d
   data: [ 1.4698131289564717e-01, -1.3987417918386300e+00, 0., 0., 0.,
       0., 0., -2.9117899091121924e+00 ]
M2: !!opencv-matrix
   rows: 3
   cols: 3
   dt: d
   data: [ 3.6932621519616896e+02, 0., 1.7173095841485309e+02, 0.,
       3.6932621519616896e+02, 1.1816382351459173e+02, 0., 0., 1. ]
D2: !!opencv-matrix
   rows: 1
   cols: 8
   dt: d
   data: [ 6.2304276890581108e-02, -3.0049030704601798e-01, 0., 0., 0.,
       0., 0., 4.9087408905760299e-01 ]
