%YAML:1.0
R: !!opencv-matrix
   rows: 3
   cols: 3
   dt: d
   data: [ 9.9977383126868802e-01, -2.0733636516102924e-02,
       4.7331413614096988e-03, 2.0699128796084536e-02,
       9.9975963079223917e-01, 7.2268046361271361e-03,
       -4.8818416004687993e-03, -7.1271982562412387e-03,
       9.9996268463758398e-01 ]
T: !!opencv-matrix
   rows: 3
   cols: 1
   dt: d
   data: [ -8.5504453687696618e+00, -4.9932429719077055e-02,
       6.3115890825835985e-01 ]
R1: !!opencv-matrix
   rows: 3
   cols: 3
   dt: d
   data: [ 9.9752414651840904e-01, -1.4329962405243401e-02,
       -6.8849323091689674e-02, 1.4602709363227684e-02,
       9.9988738890988005e-01, 3.4598234399092643e-03,
       6.8791990754539581e-02, -4.4566440789627609e-03,
       9.9762107051303839e-01 ]
R2: !!opencv-matrix
   rows: 3
   cols: 3
   dt: d
   data: [ 9.9726977640070735e-01, 5.8238022551394437e-03,
       -7.3614376347124644e-02, -6.1155191582853360e-03,
       9.9997431360031475e-01, -3.7379894333801661e-03,
       7.3590716147539370e-02, 4.1779740152913299e-03,
       9.9727977570490201e-01 ]
P1: !!opencv-matrix
   rows: 3
   cols: 4
   dt: d
   data: [ 3.0294928433679604e+02, 0., 2.0860515689849854e+02, 0., 0.,
       3.0294928433679604e+02, 1.1390136528015137e+02, 0., 0., 0., 1.,
       0. ]
P2: !!opencv-matrix
   rows: 3
   cols: 4
   dt: d
   data: [ 3.0294928433679604e+02, 0., 2.0860515689849854e+02,
       -2.5974429051470884e+03, 0., 3.0294928433679604e+02,
       1.1390136528015137e+02, 0., 0., 0., 1., 0. ]
Q: !!opencv-matrix
   rows: 4
   cols: 4
   dt: d
   data: [ 1., 0., 0., -2.0860515689849854e+02, 0., 1., 0.,
       -1.1390136528015137e+02, 0., 0., 0., 3.0294928433679604e+02, 0.,
       0., 1.1663366449228674e-01, 0. ]
