%YAML:1.0
M1: !!opencv-matrix
   rows: 3
   cols: 3
   dt: d
   data: [ 3.6176080461098348e+02, 0., 1.7021142379278081e+02, 0.,
       3.6176080461098348e+02, 1.1385570003367530e+02, 0., 0., 1. ]
D1: !!opencv-matrix
   rows: 1
   cols: 8
   dt: d
   data: [ 4.9444219040732852e-02, -1.5761157811813029e-01, 0., 0., 0.,
       0., 0., 1.0688100579249888e+00 ]
M2: !!opencv-matrix
   rows: 3
   cols: 3
   dt: d
   data: [ 3.6176080461098348e+02, 0., 1.7208704366099784e+02, 0.,
       3.6176080461098348e+02, 1.1650050431273965e+02, 0., 0., 1. ]
D2: !!opencv-matrix
   rows: 1
   cols: 8
   dt: d
   data: [ -1.9374044076215857e-02, 4.8705938780664015e-01, 0., 0., 0.,
       0., 0., 2.9396783031989417e+00 ]
