%YAML:1.0
R: !!opencv-matrix
   rows: 3
   cols: 3
   dt: d
   data: [ 9.9991956058975640e-01, -1.9332990982071946e-03,
       1.2535338231791903e-02, 1.6303620879062400e-03,
       9.9970745185903009e-01, 2.4131983279196547e-02,
       -1.2578325383407385e-02, -2.4109604976481364e-02,
       9.9963018795874070e-01 ]
T: !!opencv-matrix
   rows: 3
   cols: 1
   dt: d
   data: [ -2.7226157752635616e+00, 1.0073745994796887e-02,
       -3.5592044955093149e-01 ]
R1: !!opencv-matrix
   rows: 3
   cols: 3
   dt: d
   data: [ 9.8984029668729767e-01, -8.7098591360278456e-03,
       1.4191661427695201e-01, 7.0029856248210983e-03,
       9.9989706954970026e-01, 1.2522320003118436e-02,
       -1.4201107437922292e-01, -1.1401256937395255e-02,
       9.8979940699815860e-01 ]
R2: !!opencv-matrix
   rows: 3
   cols: 3
   dt: d
   data: [ 9.9155648604108215e-01, -3.6687836273571104e-03,
       1.2962358973796687e-01, 5.2262937226128783e-03,
       9.9991815734003897e-01, -1.1677520097431910e-02,
       -1.2957013870404743e-01, 1.2256371746833786e-02,
       9.9149450856160437e-01 ]
P1: !!opencv-matrix
   rows: 3
   cols: 4
   dt: d
   data: [ 2.9285254439689118e+02, 0., 1.1722805023193359e+02, 0., 0.,
       2.9285254439689118e+02, 1.1649553871154785e+02, 0., 0., 0., 1.,
       0. ]
P2: !!opencv-matrix
   rows: 3
   cols: 4
   dt: d
   data: [ 2.9285254439689118e+02, 0., 1.1722805023193359e+02,
       -8.0411450928476290e+02, 0., 2.9285254439689118e+02,
       1.1649553871154785e+02, 0., 0., 0., 1., 0. ]
Q: !!opencv-matrix
   rows: 4
   cols: 4
   dt: d
   data: [ 1., 0., 0., -1.1722805023193359e+02, 0., 1., 0.,
       -1.1649553871154785e+02, 0., 0., 0., 2.9285254439689118e+02, 0.,
       0., 3.6419258826379747e-01, 0. ]
