%YAML:1.0
R: !!opencv-matrix
   rows: 3
   cols: 3
   dt: d
   data: [ 9.9977833672128280e-01, -2.0847651625677140e-02,
       2.9415717770823317e-03, 2.0827896714483627e-02,
       9.9976133202903039e-01, 6.5937620513495691e-03,
       -3.0783341722639608e-03, -6.5310337032828845e-03,
       9.9997393438903714e-01 ]
T: !!opencv-matrix
   rows: 3
   cols: 1
   dt: d
   data: [ -8.5869850637757796e+00, -1.4153478313568977e-02,
       7.0662909459196976e-01 ]
R1: !!opencv-matrix
   rows: 3
   cols: 3
   dt: d
   data: [ 9.9669563686907914e-01, -1.8599459448012154e-02,
       -7.9068752073004636e-02, 1.8892523242182296e-02,
       9.9981713900154412e-01, 2.9599196459800530e-03,
       7.8999240576629159e-02, -4.4439472329009903e-03,
       9.9686477082967839e-01 ]
R2: !!opencv-matrix
   rows: 3
   cols: 3
   dt: d
   data: [ 9.9662987468777875e-01, 1.6426928908439145e-03,
       -8.2013379639474887e-02, -1.9467971236442067e-03,
       9.9999152320223883e-01, -3.6281544379661228e-03,
       8.2006724485139862e-02, 3.7755905144405445e-03,
       9.9662462444768329e-01 ]
P1: !!opencv-matrix
   rows: 3
   cols: 4
   dt: d
   data: [ 3.3135576100292076e+02, 0., 2.1036390876770020e+02, 0., 0.,
       3.3135576100292076e+02, 1.1573398876190186e+02, 0., 0., 0., 1.,
       0. ]
P2: !!opencv-matrix
   rows: 3
   cols: 4
   dt: d
   data: [ 3.3135576100292076e+02, 0., 2.1036390876770020e+02,
       -2.8549685723795087e+03, 0., 3.3135576100292076e+02,
       1.1573398876190186e+02, 0., 0., 0., 1., 0. ]
Q: !!opencv-matrix
   rows: 4
   cols: 4
   dt: d
   data: [ 1., 0., 0., -2.1036390876770020e+02, 0., 1., 0.,
       -1.1573398876190186e+02, 0., 0., 0., 3.3135576100292076e+02, 0.,
       0., 1.1606284013373507e-01, 0. ]
