%YAML:1.0
R: !!opencv-matrix
   rows: 3
   cols: 3
   dt: d
   data: [ 9.9967676735162181e-01, -1.9923341761405786e-02,
       1.5793076662564853e-02, 1.9843225331419061e-02,
       9.9978951090652968e-01, 5.2134719457089277e-03,
       -1.5893622175512899e-02, -4.8984012024730341e-03,
       9.9986168965502509e-01 ]
T: !!opencv-matrix
   rows: 3
   cols: 1
   dt: d
   data: [ -3.5461083746377038e+00, 4.8706012687530290e-02,
       3.2917150062731426e-01 ]
R1: !!opencv-matrix
   rows: 3
   cols: 3
   dt: d
   data: [ 9.9650190860772692e-01, -3.3055597522923745e-02,
       -7.6754632521822796e-02, 3.3288925782789615e-02,
       9.9944421669626737e-01, 1.7621386472895316e-03,
       7.6653725032678643e-02, -4.3110537907597186e-03,
       9.9704845481743154e-01 ]
R2: !!opencv-matrix
   rows: 3
   cols: 3
   dt: d
   data: [ 9.9562619282764653e-01, -1.3674985887834074e-02,
       -9.2420121816051290e-02, 1.3393726605197373e-02,
       9.9990359110487170e-01, -3.6628654366037414e-03,
       9.2461301327373985e-02, 2.4089949250625173e-03,
       9.9571336462874682e-01 ]
P1: !!opencv-matrix
   rows: 3
   cols: 4
   dt: d
   data: [ 3.2406072409342175e+02, 0., 2.1238630580902100e+02, 0., 0.,
       3.2406072409342175e+02, 1.1394770717620850e+02, 0., 0., 0., 1.,
       0. ]
P2: !!opencv-matrix
   rows: 3
   cols: 4
   dt: d
   data: [ 3.2406072409342175e+02, 0., 2.1238630580902100e+02,
       -1.1542027076800421e+03, 0., 3.2406072409342175e+02,
       1.1394770717620850e+02, 0., 0., 0., 1., 0. ]
Q: !!opencv-matrix
   rows: 4
   cols: 4
   dt: d
   data: [ 1., 0., 0., -2.1238630580902100e+02, 0., 1., 0.,
       -1.1394770717620850e+02, 0., 0., 0., 3.2406072409342175e+02, 0.,
       0., 2.8076586715412122e-01, 0. ]
