%YAML:1.0
R: !!opencv-matrix
   rows: 3
   cols: 3
   dt: d
   data: [ 9.9943040148730966e-01, -1.1139831205711669e-02,
       -3.1855560638972956e-02, 1.0941766264015836e-02,
       9.9991975041374970e-01, -6.3851768595781016e-03,
       3.1924134035846229e-02, 6.0329837736147812e-03,
       9.9947208704037782e-01 ]
T: !!opencv-matrix
   rows: 3
   cols: 1
   dt: d
   data: [ -3.5583600023332029e+00, -5.5412481780764715e-03,
       3.4798895874639257e-01 ]
R1: !!opencv-matrix
   rows: 3
   cols: 3
   dt: d
   data: [ 9.9159380445202794e-01, -1.0124391681914481e-02,
       -1.2899311479852146e-01, 9.7596661728663273e-03,
       9.9994638968257610e-01, -3.4592885071840847e-03,
       1.2902122262847909e-01, 2.1712793125040434e-03,
       9.9163945547643451e-01 ]
R2: !!opencv-matrix
   rows: 3
   cols: 3
   dt: d
   data: [ 9.9525092610069021e-01, 1.5498522851449190e-03,
       -9.7330324429813098e-02, -1.2749293394856494e-03,
       9.9999502055353651e-01, 2.8867669305368501e-03,
       9.7334313840997305e-02, -2.7489681748164275e-03,
       9.9524794625413626e-01 ]
P1: !!opencv-matrix
   rows: 3
   cols: 4
   dt: d
   data: [ 3.2797352921739548e+02, 0., 2.2397280120849609e+02, 0., 0.,
       3.2797352921739548e+02, 1.1388925552368164e+02, 0., 0., 0., 1.,
       0. ]
P2: !!opencv-matrix
   rows: 3
   cols: 4
   dt: d
   data: [ 3.2797352921739548e+02, 0., 2.2397280120849609e+02,
       -1.1726167317056775e+03, 0., 3.2797352921739548e+02,
       1.1388925552368164e+02, 0., 0., 0., 1., 0. ]
Q: !!opencv-matrix
   rows: 4
   cols: 4
   dt: d
   data: [ 1., 0., 0., -2.2397280120849609e+02, 0., 1., 0.,
       -1.1388925552368164e+02, 0., 0., 0., 3.2797352921739548e+02, 0.,
       0., 2.7969371436507495e-01, 0. ]
