%YAML:1.0
R: !!opencv-matrix
   rows: 3
   cols: 3
   dt: d
   data: [ 9.9841103802913223e-01, -8.3163074678694621e-03,
       5.5733635909480758e-02, 6.4495269378272123e-03,
       9.9941484470746333e-01, 3.3591245595173159e-02,
       -5.5980378204054188e-02, -3.3178414797227086e-02,
       9.9788044877513971e-01 ]
T: !!opencv-matrix
   rows: 3
   cols: 1
   dt: d
   data: [ -2.2628407007289844e+00, 1.0636487611001313e-01,
       -2.4202423146665664e-01 ]
R1: !!opencv-matrix
   rows: 3
   cols: 3
   dt: d
   data: [ 9.8541822877074359e-01, -5.8444945097131100e-02,
       1.5979706755420747e-01, 5.5686222755385505e-02,
       9.9821266074646586e-01, 2.1691669384780725e-02,
       -1.6077922440902681e-01, -1.2476871324750220e-02,
       9.8691153032091861e-01 ]
R2: !!opencv-matrix
   rows: 3
   cols: 3
   dt: d
   data: [ 9.9324455439566639e-01, -4.6687481775100653e-02,
       1.0623339497942183e-01, 4.8505251663798397e-02,
       9.9871635131235315e-01, -1.4590756744324989e-02,
       -1.0541582293178660e-01, 1.9645067239389170e-02,
       9.9423416537995424e-01 ]
P1: !!opencv-matrix
   rows: 3
   cols: 4
   dt: d
   data: [ -1.1356043234660568e+02, 0., 4.3145639419555664e+02, 0., 0.,
       -1.1356043234660568e+02, 1.4194431591033936e+02, 0., 0., 0., 1.,
       0. ]
P2: !!opencv-matrix
   rows: 3
   cols: 4
   dt: d
   data: [ -1.1356043234660568e+02, 0., 4.3145639419555664e+02,
       2.5871691636168191e+02, 0., -1.1356043234660568e+02,
       1.4194431591033936e+02, 0., 0., 0., 1., 0. ]
Q: !!opencv-matrix
   rows: 4
   cols: 4
   dt: d
   data: [ 1., 0., 0., -4.3145639419555664e+02, 0., 1., 0.,
       -1.4194431591033936e+02, 0., 0., 0., -1.1356043234660568e+02, 0.,
       0., 4.3893702021343706e-01, 0. ]
