%YAML:1.0
M1: !!opencv-matrix
   rows: 3
   cols: 3
   dt: d
   data: [ 3.7265148626338248e+02, 0., 1.6981693549128369e+02, 0.,
       3.7265148626338248e+02, 1.1513694489636748e+02, 0., 0., 1. ]
D1: !!opencv-matrix
   rows: 1
   cols: 8
   dt: d
   data: [ 3.5026310621725947e-02, -4.9408827132653807e-02, 0., 0., 0.,
       0., 0., 1.4137977768804817e+00 ]
M2: !!opencv-matrix
   rows: 3
   cols: 3
   dt: d
   data: [ 3.7265148626338248e+02, 0., 1.7223005605274378e+02, 0.,
       3.7265148626338248e+02, 1.1702971763634142e+02, 0., 0., 1. ]
D2: !!opencv-matrix
   rows: 1
   cols: 8
   dt: d
   data: [ 3.2385927826766713e-02, 2.1917247246322102e-02, 0., 0., 0.,
       0., 0., 1.6493710624314455e+00 ]
