%YAML:1.0
M1: !!opencv-matrix
   rows: 3
   cols: 3
   dt: d
   data: [ 2.0703865829047376e+02, 0., 1.7849945967205170e+02, 0.,
       2.0703865829047376e+02, 1.2621470062345013e+02, 0., 0., 1. ]
D1: !!opencv-matrix
   rows: 1
   cols: 8
   dt: d
   data: [ 1.3085716464585664e-01, -1.0411784302071108e+00, 0., 0., 0.,
       0., 0., -1.2694180388584251e+00 ]
M2: !!opencv-matrix
   rows: 3
   cols: 3
   dt: d
   data: [ 2.0703865829047376e+02, 0., 1.7850561986919689e+02, 0.,
       2.0703865829047376e+02, 1.2417034623493134e+02, 0., 0., 1. ]
D2: !!opencv-matrix
   rows: 1
   cols: 8
   dt: d
   data: [ 9.7644760827088742e-02, -4.6613823035607704e-01, 0., 0., 0.,
       0., 0., -3.0408947686595195e-01 ]
