%YAML:1.0
M1: !!opencv-matrix
   rows: 3
   cols: 3
   dt: d
   data: [ 3.3727754144173025e+02, 0., 1.7224649863493624e+02, 0.,
       3.3727754144173025e+02, 1.1695929809495435e+02, 0., 0., 1. ]
D1: !!opencv-matrix
   rows: 1
   cols: 8
   dt: d
   data: [ 1.1727890541619594e-02, -3.4507516392959925e-01, 0., 0., 0.,
       0., 0., -3.5107619774089621e-01 ]
M2: !!opencv-matrix
   rows: 3
   cols: 3
   dt: d
   data: [ 3.3727754144173025e+02, 0., 1.7185579058970421e+02, 0.,
       3.3727754144173025e+02, 1.1671758831121360e+02, 0., 0., 1. ]
D2: !!opencv-matrix
   rows: 1
   cols: 8
   dt: d
   data: [ -3.7868904879106415e-02, -5.1580261993972726e-03, 0., 0., 0.,
       0., 0., 4.8638295909157131e-01 ]
