%YAML:1.0
M1: !!opencv-matrix
   rows: 3
   cols: 3
   dt: d
   data: [ 3.7348201712837960e+02, 0., 1.7209291940970158e+02, 0.,
       3.7348201712837960e+02, 1.1324816873546767e+02, 0., 0., 1. ]
D1: !!opencv-matrix
   rows: 1
   cols: 8
   dt: d
   data: [ -1.6524470979560824e-01, 1.4309273015995632e+00, 0., 0., 0.,
       0., 0., 4.5566847959731120e+00 ]
M2: !!opencv-matrix
   rows: 3
   cols: 3
   dt: d
   data: [ 3.7348201712837960e+02, 0., 1.7408801693894378e+02, 0.,
       3.7348201712837960e+02, 1.1475485133524845e+02, 0., 0., 1. ]
D2: !!opencv-matrix
   rows: 1
   cols: 8
   dt: d
   data: [ -5.6678617947579932e-02, 3.2828586556405048e-01, 0., 0., 0.,
       0., 0., 1.3165748899169174e+00 ]
