%YAML:1.0
M1: !!opencv-matrix
   rows: 3
   cols: 3
   dt: d
   data: [ 3.7498017539851941e+02, 0., 1.6915084472828084e+02, 0.,
       3.7498017539851941e+02, 1.1355509666939174e+02, 0., 0., 1. ]
D1: !!opencv-matrix
   rows: 1
   cols: 8
   dt: d
   data: [ 8.3466874206328756e-02, -5.2658296728960485e-01, 0., 0., 0.,
       0., 0., 3.7483795773708833e-01 ]
M2: !!opencv-matrix
   rows: 3
   cols: 3
   dt: d
   data: [ 3.7498017539851941e+02, 0., 1.7247560464197466e+02, 0.,
       3.7498017539851941e+02, 1.1516554833326055e+02, 0., 0., 1. ]
D2: !!opencv-matrix
   rows: 1
   cols: 8
   dt: d
   data: [ 3.1812425018163185e-02, -7.7916542301168346e-02, 0., 0., 0.,
       0., 0., 7.8278986799944583e-01 ]
