%YAML:1.0
R: !!opencv-matrix
   rows: 3
   cols: 3
   dt: d
   data: [ 9.9968111571683727e-01, -1.9730166955293713e-02,
       1.5760310626873240e-02, 1.9612389566273890e-02,
       9.9977882598113832e-01, 7.5929767072865162e-03,
       -1.5906635553755821e-02, -7.2814580746523869e-03,
       9.9984696794742900e-01 ]
T: !!opencv-matrix
   rows: 3
   cols: 1
   dt: d
   data: [ -3.6063338859041334e+00, -2.4304214720776905e-02,
       3.2768386445263215e-01 ]
R1: !!opencv-matrix
   rows: 3
   cols: 3
   dt: d
   data: [ 9.9712830476863767e-01, -1.2279859964392707e-02,
       -7.4728501045302265e-02, 1.2588856202845193e-02,
       9.9991403953690128e-01, 3.6652744099570935e-03,
       7.4677068292260396e-02, -4.5954952128258505e-03,
       9.9719718054907369e-01 ]
R2: !!opencv-matrix
   rows: 3
   cols: 3
   dt: d
   data: [ 9.9587487552208132e-01, 6.7115130144549577e-03,
       -9.0488606448193218e-02, -7.0858632633071239e-03,
       9.9996761242552534e-01, -3.8163649993086875e-03,
       9.0460062158352020e-02, 4.4418119108124857e-03,
       9.9589017841389327e-01 ]
P1: !!opencv-matrix
   rows: 3
   cols: 4
   dt: d
   data: [ 3.3280218144944320e+02, 0., 2.0845676422119141e+02, 0., 0.,
       3.3280218144944320e+02, 1.1732287597656250e+02, 0., 0., 0., 1.,
       0. ]
P2: !!opencv-matrix
   rows: 3
   cols: 4
   dt: d
   data: [ 3.3280218144944320e+02, 0., 2.0845676422119141e+02,
       -1.2051672491835359e+03, 0., 3.3280218144944320e+02,
       1.1732287597656250e+02, 0., 0., 0., 1., 0. ]
Q: !!opencv-matrix
   rows: 4
   cols: 4
   dt: d
   data: [ 1., 0., 0., -2.0845676422119141e+02, 0., 1., 0.,
       -1.1732287597656250e+02, 0., 0., 0., 3.3280218144944320e+02, 0.,
       0., 2.7614605497693911e-01, 0. ]
