%YAML:1.0
R: !!opencv-matrix
   rows: 3
   cols: 3
   dt: d
   data: [ 9.9937191632342470e-01, -2.7103399820317254e-03,
       3.5333085362415070e-02, 3.3437034456123798e-03,
       9.9983457113437024e-01, -1.7878758676644436e-02,
       -3.5278782735713970e-02, 1.7985672679432622e-02,
       9.9921565393410183e-01 ]
T: !!opencv-matrix
   rows: 3
   cols: 1
   dt: d
   data: [ -2.8238872659772212e+00, 1.4495158741111578e-03,
       -2.1468188384426817e-01 ]
R1: !!opencv-matrix
   rows: 3
   cols: 3
   dt: d
   data: [ 9.9382025889312375e-01, -1.8508846510078454e-03,
       1.1098588756960576e-01, 2.8532352268339886e-03,
       9.9995656184236970e-01, -8.8731886674228346e-03,
       -1.1096464329841672e-01, 9.1350235027607314e-03,
       9.9378237018134863e-01 ]
R2: !!opencv-matrix
   rows: 3
   cols: 3
   dt: d
   data: [ 9.9712254697725478e-01, -5.1182813764961586e-04,
       7.5804777827982034e-02, -1.7229622611633318e-04,
       9.9995932213400129e-01, 9.0180037324849010e-03,
       -7.5806309919443191e-02, -9.0051157275270778e-03,
       9.9708189797384794e-01 ]
P1: !!opencv-matrix
   rows: 3
   cols: 4
   dt: d
   data: [ 3.0122782286533248e+02, 0., 1.3781444740295410e+02, 0., 0.,
       3.0122782286533248e+02, 1.1352255249023438e+02, 0., 0., 0., 1.,
       0. ]
P2: !!opencv-matrix
   rows: 3
   cols: 4
   dt: d
   data: [ 3.0122782286533248e+02, 0., 1.3781444740295410e+02,
       -8.5308813417781244e+02, 0., 3.0122782286533248e+02,
       1.1352255249023438e+02, 0., 0., 0., 1., 0. ]
Q: !!opencv-matrix
   rows: 4
   cols: 4
   dt: d
   data: [ 1., 0., 0., -1.3781444740295410e+02, 0., 1., 0.,
       -1.1352255249023438e+02, 0., 0., 0., 3.0122782286533248e+02, 0.,
       0., 3.5310281645828923e-01, 0. ]
