%YAML:1.0
M1: !!opencv-matrix
   rows: 3
   cols: 3
   dt: d
   data: [ 3.5056186034077490e+02, 0., 1.7177548941950349e+02, 0.,
       3.5056186034077490e+02, 1.1526535021073107e+02, 0., 0., 1. ]
D1: !!opencv-matrix
   rows: 1
   cols: 8
   dt: d
   data: [ -6.3939982610868015e-02, 2.1945214770380125e-01, 0., 0., 0.,
       0., 0., 1.2798434635226770e+00 ]
M2: !!opencv-matrix
   rows: 3
   cols: 3
   dt: d
   data: [ 3.5056186034077490e+02, 0., 1.7444219972529561e+02, 0.,
       3.5056186034077490e+02, 1.1387720490042533e+02, 0., 0., 1. ]
D2: !!opencv-matrix
   rows: 1
   cols: 8
   dt: d
   data: [ -5.9933455859099691e-02, 3.7383795562166211e-01, 0., 0., 0.,
       0., 0., 1.6962160896215439e+00 ]
