%YAML:1.0
M1: !!opencv-matrix
   rows: 3
   cols: 3
   dt: d
   data: [ 3.7655974739840320e+02, 0., 1.6791823472082908e+02, 0.,
       3.7655974739840320e+02, 1.1659996951278747e+02, 0., 0., 1. ]
D1: !!opencv-matrix
   rows: 1
   cols: 8
   dt: d
   data: [ 9.2943395582441735e-03, -2.0109279025255066e-02, 0., 0., 0.,
       0., 0., 1.6102284175351698e+00 ]
M2: !!opencv-matrix
   rows: 3
   cols: 3
   dt: d
   data: [ 3.7655974739840320e+02, 0., 1.7010349951386269e+02, 0.,
       3.7655974739840320e+02, 1.1861123596149896e+02, 0., 0., 1. ]
D2: !!opencv-matrix
   rows: 1
   cols: 8
   dt: d
   data: [ -5.1052037078134797e-03, 2.1700012379358322e-01, 0., 0., 0.,
       0., 0., 1.5951139613873351e+00 ]
